timestamp,X_mea,Y_mea,Z_mea
2024-03-14 16:11:40.721,82.23,94.69,2.16
2024-03-14 16:11:40.823,82.21,94.84,2.17
2024-03-14 16:11:40.926,82.17,95.15,2.17
2024-03-14 16:11:41.032,82.12,95.45,2.17
2024-03-14 16:11:41.135,82.33,95.49,2.17
2024-03-14 16:11:41.241,82.64,95.46,2.17
2024-03-14 16:11:41.344,82.95,95.48,2.17
2024-03-14 16:11:41.446,83.27,95.48,2.17
2024-03-14 16:11:41.552,83.57,95.47,2.17
2024-03-14 16:11:41.654,83.89,95.47,2.17
2024-03-14 16:11:41.757,84.2,95.44,2.17
2024-03-14 16:11:41.864,84.51,95.44,2.17
2024-03-14 16:11:41.966,84.82,95.41,2.17
2024-03-14 16:11:42.068,85.13,95.41,2.17
2024-03-14 16:11:42.175,85.44,95.38,2.17
2024-03-14 16:11:42.277,85.76,95.36,2.17
2024-03-14 16:11:42.380,86.07,95.34,2.17
2024-03-14 16:11:42.486,86.37,95.31,2.17
2024-03-14 16:11:42.588,86.69,95.29,2.17
2024-03-14 16:11:42.691,87.0,95.28,2.17
2024-03-14 16:11:42.797,87.31,95.27,2.17
2024-03-14 16:11:42.900,87.61,95.26,2.17
2024-03-14 16:11:43.002,87.93,95.25,2.17
2024-03-14 16:11:43.108,88.24,95.19,2.17
2024-03-14 16:11:43.211,88.55,95.18,2.17
2024-03-14 16:11:43.314,88.85,95.16,2.17
2024-03-14 16:11:43.419,89.17,95.14,2.17
2024-03-14 16:11:43.523,89.48,95.12,2.17
2024-03-14 16:11:43.625,89.79,95.09,2.17
2024-03-14 16:11:43.731,90.1,95.07,2.17
2024-03-14 16:11:43.834,90.41,95.05,2.17
2024-03-14 16:11:43.936,90.72,95.03,2.17
2024-03-14 16:11:44.042,91.03,95.04,2.17
2024-03-14 16:11:44.145,91.35,95.01,2.17
2024-03-14 16:11:44.248,91.65,94.95,2.17
2024-03-14 16:11:44.354,91.97,94.9,2.17
2024-03-14 16:11:44.456,92.28,94.84,2.17
2024-03-14 16:11:44.558,92.59,94.84,2.17
2024-03-14 16:11:44.665,92.9,94.78,2.17
2024-03-14 16:11:44.767,93.21,94.75,2.17
2024-03-14 16:11:44.870,93.52,94.71,2.17
2024-03-14 16:11:44.977,93.83,94.67,2.17
2024-03-14 16:11:45.079,94.13,94.61,2.17
2024-03-14 16:11:45.181,94.45,94.61,2.17
2024-03-14 16:11:45.288,94.76,94.55,2.17
2024-03-14 16:11:45.390,95.07,94.53,2.17
2024-03-14 16:11:45.493,95.37,94.5,2.17
2024-03-14 16:11:45.599,95.68,94.47,2.17
2024-03-14 16:11:45.702,95.99,94.42,2.17
2024-03-14 16:11:45.803,96.31,94.39,2.17
2024-03-14 16:11:45.910,96.61,94.33,2.17
2024-03-14 16:11:46.012,96.92,94.29,2.17
2024-03-14 16:11:46.115,97.23,94.26,2.17
2024-03-14 16:11:46.221,97.53,94.21,2.17
2024-03-14 16:11:46.323,97.85,94.19,2.17
2024-03-14 16:11:46.426,98.16,94.16,2.17
2024-03-14 16:11:46.532,98.47,94.13,2.17
2024-03-14 16:11:46.635,98.77,94.11,2.17
2024-03-14 16:11:46.738,99.08,94.08,2.17
2024-03-14 16:11:46.844,99.39,94.06,2.17
2024-03-14 16:11:46.946,99.7,94.01,2.17
2024-03-14 16:11:47.052,100.01,93.99,2.17
2024-03-14 16:11:47.155,100.32,93.97,2.17
2024-03-14 16:11:47.258,100.63,93.94,2.17
2024-03-14 16:11:47.364,100.93,93.88,2.17
2024-03-14 16:11:47.466,101.25,93.83,2.17
2024-03-14 16:11:47.569,101.55,93.81,2.17
2024-03-14 16:11:47.675,101.87,93.77,2.17
2024-03-14 16:11:47.778,102.17,93.71,2.17
2024-03-14 16:11:47.885,102.48,93.64,2.17
2024-03-14 16:11:47.986,102.79,93.59,2.17
2024-03-14 16:11:48.089,103.09,93.53,2.17
2024-03-14 16:11:48.196,103.4,93.49,2.17
2024-03-14 16:11:48.298,103.71,93.44,2.17
2024-03-14 16:11:48.400,104.01,93.38,2.17
2024-03-14 16:11:48.507,104.32,93.34,2.17
2024-03-14 16:11:48.609,104.63,93.28,2.17
2024-03-14 16:11:48.712,104.93,93.24,2.17
2024-03-14 16:11:48.818,105.24,93.17,2.17
2024-03-14 16:11:48.921,105.55,93.12,2.17
2024-03-14 16:11:49.023,105.85,93.06,2.17
2024-03-14 16:11:49.130,106.16,92.99,2.17
2024-03-14 16:11:49.232,106.47,92.94,2.17
2024-03-14 16:11:49.334,106.77,92.88,2.17
2024-03-14 16:11:49.440,107.09,92.81,2.17
2024-03-14 16:11:49.543,107.39,92.78,2.17
2024-03-14 16:11:49.646,107.7,92.72,2.17
2024-03-14 16:11:49.752,108.01,92.66,2.17
2024-03-14 16:11:49.855,108.31,92.6,2.17
2024-03-14 16:11:49.961,108.62,92.53,2.17
2024-03-14 16:11:50.063,108.93,92.48,2.17
2024-03-14 16:11:50.166,109.23,92.45,2.17
2024-03-14 16:11:50.272,109.54,92.41,2.17
2024-03-14 16:11:50.374,109.8,92.35,2.17
2024-03-14 16:11:50.477,109.63,92.34,2.17
2024-03-14 16:11:50.583,109.33,92.26,2.17
2024-03-14 16:11:50.686,109.01,92.25,2.17
2024-03-14 16:11:50.788,108.7,92.22,2.17
2024-03-14 16:11:50.895,108.39,92.2,2.17
2024-03-14 16:11:50.998,108.09,92.2,2.17
2024-03-14 16:11:51.100,107.77,92.18,2.17
2024-03-14 16:11:51.206,107.46,92.16,2.17
2024-03-14 16:11:51.308,107.15,92.1,2.17
2024-03-14 16:11:51.411,106.84,92.08,2.17
2024-03-14 16:11:51.517,106.53,92.08,2.17
2024-03-14 16:11:51.620,106.22,92.03,2.17
2024-03-14 16:11:51.722,105.9,91.97,2.17
2024-03-14 16:11:51.828,105.59,91.92,2.17
2024-03-14 16:11:51.931,105.29,91.91,2.17
2024-03-14 16:11:52.037,104.97,91.91,2.17
2024-03-14 16:11:52.140,104.66,91.87,2.17
2024-03-14 16:11:52.243,104.35,91.83,2.17
2024-03-14 16:11:52.349,104.05,91.83,2.17
2024-03-14 16:11:52.450,103.73,91.82,2.17
2024-03-14 16:11:52.553,103.42,91.81,2.17
2024-03-14 16:11:52.660,103.11,91.78,2.17
2024-03-14 16:11:52.763,102.81,91.78,2.17
2024-03-14 16:11:52.864,102.49,91.77,2.17
2024-03-14 16:11:52.971,102.18,91.72,2.17
2024-03-14 16:11:53.073,101.87,91.71,2.17
2024-03-14 16:11:53.176,101.57,91.72,2.17
2024-03-14 16:11:53.282,101.25,91.71,2.17
2024-03-14 16:11:53.384,100.94,91.69,2.17
2024-03-14 16:11:53.487,100.63,91.67,2.17
2024-03-14 16:11:53.593,100.32,91.64,2.17
2024-03-14 16:11:53.696,100.01,91.66,2.17
2024-03-14 16:11:53.798,99.7,91.65,2.17
2024-03-14 16:11:53.905,99.39,91.62,2.17
2024-03-14 16:11:54.008,99.07,91.59,2.17
2024-03-14 16:11:54.110,98.77,91.57,2.17
2024-03-14 16:11:54.216,98.45,91.55,2.17
2024-03-14 16:11:54.318,98.14,91.53,2.17
2024-03-14 16:11:54.421,97.83,91.5,2.17
2024-03-14 16:11:54.528,97.53,91.47,2.17
2024-03-14 16:11:54.630,97.21,91.44,2.17
2024-03-14 16:11:54.733,96.9,91.43,2.17
2024-03-14 16:11:54.839,96.59,91.41,2.17
2024-03-14 16:11:54.941,96.29,91.38,2.17
2024-03-14 16:11:55.044,95.97,91.35,2.17
2024-03-14 16:11:55.150,95.66,91.33,2.17
2024-03-14 16:11:55.253,95.35,91.33,2.17
2024-03-14 16:11:55.355,95.05,91.31,2.17
2024-03-14 16:11:55.462,94.73,91.3,2.17
2024-03-14 16:11:55.564,94.42,91.28,2.17
2024-03-14 16:11:55.666,94.11,91.27,2.17
2024-03-14 16:11:55.773,93.81,91.25,2.17
2024-03-14 16:11:55.875,93.49,91.25,2.17
2024-03-14 16:11:55.978,93.18,91.24,2.17
2024-03-14 16:11:56.084,92.87,91.21,2.17
2024-03-14 16:11:56.186,92.56,91.2,2.17
2024-03-14 16:11:56.289,92.25,91.18,2.17
2024-03-14 16:11:56.396,91.94,91.16,2.17
2024-03-14 16:11:56.497,91.63,91.13,2.17
2024-03-14 16:11:56.600,91.31,91.09,2.17
2024-03-14 16:11:56.707,91.01,91.09,2.17
2024-03-14 16:11:56.809,90.69,91.07,2.17
2024-03-14 16:11:56.911,90.38,91.05,2.17
2024-03-14 16:11:57.018,90.07,91.03,2.17
2024-03-14 16:11:57.120,89.76,91.0,2.17
2024-03-14 16:11:57.223,89.45,90.97,2.17
2024-03-14 16:11:57.329,89.14,90.97,2.17
2024-03-14 16:11:57.432,88.83,90.92,2.17
2024-03-14 16:11:57.533,88.51,90.9,2.17
2024-03-14 16:11:57.640,88.21,90.88,2.17
2024-03-14 16:11:57.742,87.9,90.86,2.17
2024-03-14 16:11:57.845,87.59,90.84,2.17
2024-03-14 16:11:57.952,87.27,90.83,2.17
2024-03-14 16:11:58.054,86.97,90.82,2.17
2024-03-14 16:11:58.156,86.65,90.8,2.17
2024-03-14 16:11:58.263,86.34,90.76,2.17
2024-03-14 16:11:58.366,86.03,90.77,2.17
2024-03-14 16:11:58.467,85.73,90.75,2.17
2024-03-14 16:11:58.575,85.41,90.76,2.17
2024-03-14 16:11:58.676,85.1,90.74,2.17
2024-03-14 16:11:58.778,84.79,90.73,2.17
2024-03-14 16:11:58.885,84.47,90.72,2.17
2024-03-14 16:11:58.987,84.17,90.7,2.17
2024-03-14 16:11:59.090,83.86,90.67,2.17
2024-03-14 16:11:59.196,83.54,90.66,2.17
2024-03-14 16:11:59.299,83.23,90.61,2.17
2024-03-14 16:11:59.402,82.93,90.61,2.17
2024-03-14 16:11:59.508,82.61,90.59,2.17
2024-03-14 16:11:59.611,82.3,90.57,2.17
2024-03-14 16:11:59.713,81.99,90.56,2.17
2024-03-14 16:11:59.820,81.67,90.56,2.17
2024-03-14 16:11:59.922,81.37,90.53,2.17
2024-03-14 16:12:00.028,81.05,90.52,2.17
2024-03-14 16:12:00.131,80.74,90.5,2.17
2024-03-14 16:12:00.233,80.43,90.48,2.17
2024-03-14 16:12:00.339,80.13,90.47,2.17
2024-03-14 16:12:00.442,79.81,90.47,2.17
2024-03-14 16:12:00.545,79.5,90.45,2.17
2024-03-14 16:12:00.650,79.19,90.44,2.17
2024-03-14 16:12:00.753,78.88,90.44,2.17
2024-03-14 16:12:00.856,78.57,90.43,2.17
2024-03-14 16:12:00.962,78.26,90.41,2.17
2024-03-14 16:12:01.064,77.95,90.41,2.17
2024-03-14 16:12:01.167,77.63,90.39,2.17
2024-03-14 16:12:01.273,77.33,90.39,2.17
2024-03-14 16:12:01.375,77.01,90.39,2.17
2024-03-14 16:12:01.478,76.7,90.38,2.17
2024-03-14 16:12:01.585,76.39,90.38,2.17
2024-03-14 16:12:01.687,76.08,90.37,2.17
2024-03-14 16:12:01.789,75.77,90.37,2.17
2024-03-14 16:12:01.896,75.46,90.37,2.17
2024-03-14 16:12:01.999,75.14,90.37,2.17
2024-03-14 16:12:02.101,74.83,90.37,2.17
2024-03-14 16:12:02.207,74.52,90.36,2.17
2024-03-14 16:12:02.309,74.21,90.36,2.17
2024-03-14 16:12:02.412,73.9,90.36,2.17
2024-03-14 16:12:02.519,73.58,90.35,2.17
2024-03-14 16:12:02.621,73.27,90.35,2.17
2024-03-14 16:12:02.723,72.97,90.35,2.17
2024-03-14 16:12:02.829,72.65,90.36,2.17
2024-03-14 16:12:02.932,72.34,90.37,2.17
2024-03-14 16:12:03.035,72.03,90.38,2.17
2024-03-14 16:12:03.140,71.72,90.39,2.17
2024-03-14 16:12:03.243,71.41,90.41,2.17
2024-03-14 16:12:03.345,71.1,90.44,2.17
2024-03-14 16:12:03.452,70.79,90.45,2.17
2024-03-14 16:12:03.554,70.48,90.46,2.17
2024-03-14 16:12:03.657,70.17,90.48,2.17
2024-03-14 16:12:03.764,69.86,90.52,2.17
2024-03-14 16:12:03.865,69.55,90.56,2.17
2024-03-14 16:12:03.969,69.24,90.59,2.17
2024-03-14 16:12:04.075,68.93,90.63,2.17
2024-03-14 16:12:04.178,68.62,90.69,2.17
2024-03-14 16:12:04.280,68.31,90.73,2.17
2024-03-14 16:12:04.386,68.01,90.79,2.17
2024-03-14 16:12:04.488,67.7,90.85,2.17
2024-03-14 16:12:04.591,67.4,90.92,2.17
2024-03-14 16:12:04.697,67.1,91.01,2.17
2024-03-14 16:12:04.800,66.8,91.1,2.17
2024-03-14 16:12:04.902,66.51,91.21,2.17
2024-03-14 16:12:05.009,66.22,91.33,2.17
2024-03-14 16:12:05.111,65.96,91.5,2.17
2024-03-14 16:12:05.214,65.73,91.72,2.17
2024-03-14 16:12:05.320,65.61,92.0,2.17
2024-03-14 16:12:05.422,65.66,92.31,2.17
2024-03-14 16:12:05.525,65.83,92.56,2.17
2024-03-14 16:12:05.631,66.05,92.78,2.17
2024-03-14 16:12:05.733,66.31,92.94,2.17
2024-03-14 16:12:05.836,66.56,93.12,2.17
2024-03-14 16:12:05.943,66.84,93.27,2.17
2024-03-14 16:12:06.044,67.11,93.42,2.17
2024-03-14 16:12:06.152,67.4,93.56,2.17
2024-03-14 16:12:06.254,67.68,93.66,2.17
2024-03-14 16:12:06.356,67.97,93.78,2.17
2024-03-14 16:12:06.463,68.27,93.89,2.17
2024-03-14 16:12:06.565,68.56,94.0,2.17
2024-03-14 16:12:06.667,68.87,94.06,2.17
2024-03-14 16:12:06.774,69.16,94.14,2.17
2024-03-14 16:12:06.876,69.46,94.21,2.17
2024-03-14 16:12:06.978,69.76,94.28,2.17
2024-03-14 16:12:07.085,70.07,94.38,2.17
2024-03-14 16:12:07.187,70.37,94.46,2.17
2024-03-14 16:12:07.290,70.67,94.54,2.17
2024-03-14 16:12:07.396,70.97,94.58,2.17
2024-03-14 16:12:07.499,71.28,94.62,2.17
2024-03-14 16:12:07.601,71.59,94.69,2.17
2024-03-14 16:12:07.708,71.89,94.75,2.17
2024-03-14 16:12:07.810,72.19,94.79,2.17
2024-03-14 16:12:07.913,72.5,94.83,2.17
2024-03-14 16:12:08.019,72.81,94.87,2.17
2024-03-14 16:12:08.121,73.11,94.93,2.17
2024-03-14 16:12:08.224,73.42,94.97,2.17
2024-03-14 16:12:08.331,73.73,95.0,2.17
2024-03-14 16:12:08.433,74.04,95.04,2.17
2024-03-14 16:12:08.535,74.35,95.07,2.17
2024-03-14 16:12:08.642,74.66,95.09,2.17
2024-03-14 16:12:08.744,74.97,95.12,2.17
2024-03-14 16:12:08.846,75.28,95.16,2.17
2024-03-14 16:12:08.953,75.59,95.19,2.17
2024-03-14 16:12:09.056,75.9,95.21,2.17
2024-03-14 16:12:09.157,76.21,95.23,2.17
2024-03-14 16:12:09.264,76.52,95.25,2.17
2024-03-14 16:12:09.367,76.83,95.31,2.17
2024-03-14 16:12:09.469,77.15,95.33,2.17
2024-03-14 16:12:09.576,77.45,95.34,2.17
2024-03-14 16:12:09.678,77.77,95.33,2.17
2024-03-14 16:12:09.780,78.08,95.34,2.17
2024-03-14 16:12:09.887,78.39,95.35,2.17
2024-03-14 16:12:09.989,78.69,95.38,2.17
2024-03-14 16:12:10.091,79.01,95.4,2.17
2024-03-14 16:12:10.198,79.32,95.41,2.17
2024-03-14 16:12:10.301,79.63,95.41,2.17
2024-03-14 16:12:10.403,79.94,95.42,2.17
2024-03-14 16:12:10.509,80.25,95.43,2.17
2024-03-14 16:12:10.612,80.56,95.43,2.17
2024-03-14 16:12:10.714,80.87,95.42,2.17
2024-03-14 16:12:10.821,81.19,95.44,2.17
2024-03-14 16:12:10.923,81.49,95.44,2.17
2024-03-14 16:12:11.025,81.81,95.44,2.17
2024-03-14 16:12:11.132,82.12,95.44,2.17
2024-03-14 16:12:11.234,82.37,95.44,2.17
2024-03-14 16:12:11.336,82.25,95.19,2.17
2024-03-14 16:12:11.443,82.24,95.03,2.17
2024-03-14 16:12:11.545,82.55,95.03,2.17
2024-03-14 16:12:11.648,82.86,95.03,2.17
2024-03-14 16:12:11.755,83.17,95.03,2.17
2024-03-14 16:12:11.857,83.48,95.03,2.17
2024-03-14 16:12:11.959,83.8,95.03,2.17
2024-03-14 16:12:12.065,84.11,95.03,2.17
2024-03-14 16:12:12.168,84.42,95.03,2.17
2024-03-14 16:12:12.274,84.73,95.03,2.17
2024-03-14 16:12:12.377,85.04,95.03,2.17
2024-03-14 16:12:12.480,85.36,95.0,2.17
2024-03-14 16:12:12.586,85.67,95.01,2.17
2024-03-14 16:12:12.688,85.97,95.03,2.17
2024-03-14 16:12:12.790,86.29,95.0,2.17
2024-03-14 16:12:12.897,86.6,94.98,2.17
2024-03-14 16:12:12.999,86.91,94.97,2.17
2024-03-14 16:12:13.102,87.21,94.95,2.17
2024-03-14 16:12:13.208,87.53,94.93,2.17
2024-03-14 16:12:13.311,87.84,94.91,2.17
2024-03-14 16:12:13.413,88.15,94.9,2.17
2024-03-14 16:12:13.520,88.46,94.88,2.17
2024-03-14 16:12:13.622,88.77,94.87,2.17
2024-03-14 16:12:13.724,89.08,94.84,2.17
2024-03-14 16:12:13.831,89.39,94.82,2.17
2024-03-14 16:12:13.933,89.7,94.82,2.17
2024-03-14 16:12:14.036,90.01,94.82,2.17
2024-03-14 16:12:14.142,90.32,94.81,2.17
2024-03-14 16:12:14.245,90.64,94.79,2.17
2024-03-14 16:12:14.347,90.95,94.78,2.17
2024-03-14 16:12:14.454,91.25,94.73,2.17
2024-03-14 16:12:14.556,91.57,94.74,2.17
2024-03-14 16:12:14.658,91.88,94.77,2.17
2024-03-14 16:12:14.765,92.19,94.8,2.17
2024-03-14 16:12:14.867,92.5,94.72,2.17
2024-03-14 16:12:14.969,92.81,94.7,2.17
2024-03-14 16:12:15.076,93.12,94.69,2.17
2024-03-14 16:12:15.178,93.43,94.66,2.17
2024-03-14 16:12:15.281,93.74,94.64,2.17
2024-03-14 16:12:15.387,94.05,94.61,2.17
2024-03-14 16:12:15.490,94.36,94.59,2.17
2024-03-14 16:12:15.592,94.67,94.57,2.17
2024-03-14 16:12:15.699,94.97,94.52,2.17
2024-03-14 16:12:15.801,95.29,94.52,2.17
2024-03-14 16:12:15.904,95.6,94.47,2.17
2024-03-14 16:12:16.010,95.91,94.44,2.17
2024-03-14 16:12:16.112,96.21,94.44,2.17
2024-03-14 16:12:16.214,96.52,94.41,2.17
2024-03-14 16:12:16.321,96.83,94.38,2.17
2024-03-14 16:12:16.423,97.14,94.34,2.17
2024-03-14 16:12:16.526,97.45,94.3,2.17
2024-03-14 16:12:16.633,97.76,94.25,2.17
2024-03-14 16:12:16.735,98.07,94.2,2.17
2024-03-14 16:12:16.837,98.37,94.16,2.17
2024-03-14 16:12:16.944,98.69,94.11,2.17
2024-03-14 16:12:17.046,99.0,94.09,2.17
2024-03-14 16:12:17.149,99.31,94.05,2.17
2024-03-14 16:12:17.255,99.61,94.0,2.17
2024-03-14 16:12:17.357,99.93,93.97,2.17
2024-03-14 16:12:17.463,100.23,93.91,2.17
2024-03-14 16:12:17.566,100.55,93.85,2.17
2024-03-14 16:12:17.668,100.85,93.8,2.17
2024-03-14 16:12:17.776,101.16,93.75,2.17
2024-03-14 16:12:17.878,101.47,93.71,2.17
2024-03-14 16:12:17.979,101.77,93.64,2.17
2024-03-14 16:12:18.087,102.09,93.62,2.17
2024-03-14 16:12:18.189,102.4,93.56,2.17
2024-03-14 16:12:18.291,102.7,93.53,2.17
2024-03-14 16:12:18.398,103.01,93.49,2.17
2024-03-14 16:12:18.500,103.32,93.44,2.17
2024-03-14 16:12:18.607,103.63,93.41,2.17
2024-03-14 16:12:18.709,103.93,93.36,2.17
2024-03-14 16:12:18.812,104.24,93.33,2.17
2024-03-14 16:12:18.918,104.55,93.3,2.17
2024-03-14 16:12:19.020,104.85,93.25,2.17
2024-03-14 16:12:19.122,105.16,93.19,2.17
2024-03-14 16:12:19.229,105.47,93.14,2.17
2024-03-14 16:12:19.331,105.77,93.08,2.17
2024-03-14 16:12:19.434,106.08,93.02,2.17
2024-03-14 16:12:19.541,106.39,92.97,2.17
2024-03-14 16:12:19.642,106.69,92.92,2.17
2024-03-14 16:12:19.745,106.67,92.89,2.17
2024-03-14 16:12:19.852,106.36,92.86,2.17
2024-03-14 16:12:19.954,106.05,92.82,2.17
2024-03-14 16:12:20.057,105.74,92.81,2.17
2024-03-14 16:12:20.163,105.43,92.78,2.17
2024-03-14 16:12:20.265,105.12,92.75,2.17
2024-03-14 16:12:20.368,104.81,92.69,2.17
2024-03-14 16:12:20.474,104.49,92.67,2.17
2024-03-14 16:12:20.576,104.19,92.65,2.17
2024-03-14 16:12:20.683,103.88,92.62,2.17
2024-03-14 16:12:20.786,103.57,92.6,2.17
2024-03-14 16:12:20.888,103.25,92.58,2.17
2024-03-14 16:12:20.994,102.95,92.55,2.17
2024-03-14 16:12:21.097,102.64,92.51,2.17
2024-03-14 16:12:21.199,102.33,92.48,2.17
2024-03-14 16:12:21.306,102.01,92.44,2.17
2024-03-14 16:12:21.408,101.71,92.41,2.17
2024-03-14 16:12:21.511,101.4,92.38,2.17
2024-03-14 16:12:21.617,101.09,92.34,2.17
2024-03-14 16:12:21.720,100.77,92.32,2.17
2024-03-14 16:12:21.821,100.47,92.3,2.17
2024-03-14 16:12:21.928,100.15,92.27,2.17
2024-03-14 16:12:22.031,99.84,92.22,2.17
2024-03-14 16:12:22.133,99.53,92.2,2.17
2024-03-14 16:12:22.235,99.22,92.17,2.17
2024-03-14 16:12:22.342,98.91,92.14,2.17
2024-03-14 16:12:22.444,98.6,92.11,2.17
2024-03-14 16:12:22.547,98.29,92.09,2.17
2024-03-14 16:12:22.653,97.97,92.06,2.17
2024-03-14 16:12:22.756,97.67,92.04,2.17
2024-03-14 16:12:22.858,97.36,92.02,2.17
2024-03-14 16:12:22.965,97.05,92.0,2.17
2024-03-14 16:12:23.067,96.73,92.0,2.17
2024-03-14 16:12:23.173,96.43,91.99,2.17
2024-03-14 16:12:23.276,96.12,91.97,2.17
2024-03-14 16:12:23.378,95.81,91.94,2.17
2024-03-14 16:12:23.484,95.49,91.92,2.17
2024-03-14 16:12:23.587,95.19,91.91,2.17
2024-03-14 16:12:23.689,94.88,91.89,2.17
2024-03-14 16:12:23.796,94.57,91.89,2.17
2024-03-14 16:12:23.899,94.25,91.87,2.17
2024-03-14 16:12:24.001,93.95,91.86,2.17
2024-03-14 16:12:24.107,93.64,91.86,2.17
2024-03-14 16:12:24.210,93.33,91.83,2.17
2024-03-14 16:12:24.312,93.01,91.81,2.17
2024-03-14 16:12:24.419,92.71,91.79,2.17
2024-03-14 16:12:24.521,92.39,91.78,2.17
2024-03-14 16:12:24.623,92.08,91.76,2.17
2024-03-14 16:12:24.730,91.77,91.73,2.17
2024-03-14 16:12:24.832,91.46,91.72,2.17
2024-03-14 16:12:24.934,91.15,91.69,2.17
2024-03-14 16:12:25.040,90.84,91.68,2.17
2024-03-14 16:12:25.144,90.53,91.67,2.17
2024-03-14 16:12:25.246,90.21,91.65,2.17
2024-03-14 16:12:25.352,89.91,91.63,2.17
2024-03-14 16:12:25.455,89.59,91.59,2.17
2024-03-14 16:12:25.557,89.28,91.57,2.17
2024-03-14 16:12:25.664,88.97,91.56,2.17
2024-03-14 16:12:25.766,88.66,91.56,2.17
2024-03-14 16:12:25.869,88.35,91.52,2.17
2024-03-14 16:12:25.974,88.04,91.49,2.17
2024-03-14 16:12:26.077,87.73,91.48,2.17
2024-03-14 16:12:26.180,87.42,91.46,2.17
2024-03-14 16:12:26.286,87.11,91.44,2.17
2024-03-14 16:12:26.389,86.8,91.4,2.17
2024-03-14 16:12:26.491,86.49,91.37,2.17
2024-03-14 16:12:26.598,86.17,91.33,2.17
2024-03-14 16:12:26.700,85.87,91.34,2.17
2024-03-14 16:12:26.803,85.56,91.29,2.17
2024-03-14 16:12:26.908,85.25,91.28,2.17
2024-03-14 16:12:27.011,84.93,91.26,2.17
2024-03-14 16:12:27.113,84.63,91.25,2.17
2024-03-14 16:12:27.220,84.31,91.23,2.17
2024-03-14 16:12:27.322,84.0,91.22,2.17
2024-03-14 16:12:27.424,83.69,91.2,2.17
2024-03-14 16:12:27.532,83.37,91.2,2.17
2024-03-14 16:12:27.634,83.07,91.2,2.17
2024-03-14 16:12:27.736,82.76,91.18,2.17
2024-03-14 16:12:27.842,82.44,91.14,2.17
2024-03-14 16:12:27.945,82.13,91.14,2.17
2024-03-14 16:12:28.047,81.83,91.14,2.17
2024-03-14 16:12:28.154,81.51,91.12,2.17
2024-03-14 16:12:28.256,81.2,91.11,2.17
2024-03-14 16:12:28.359,80.89,91.09,2.17
2024-03-14 16:12:28.464,80.57,91.06,2.17
2024-03-14 16:12:28.568,80.27,91.05,2.17
2024-03-14 16:12:28.670,79.96,91.02,2.17
2024-03-14 16:12:28.776,79.65,90.98,2.17
2024-03-14 16:12:28.879,79.33,90.97,2.17
2024-03-14 16:12:28.982,79.03,90.97,2.17
2024-03-14 16:12:29.088,78.72,90.93,2.17
2024-03-14 16:12:29.190,78.41,90.93,2.17
2024-03-14 16:12:29.292,78.09,90.91,2.17
2024-03-14 16:12:29.399,77.78,90.9,2.17
2024-03-14 16:12:29.502,77.47,90.89,2.17
2024-03-14 16:12:29.604,77.16,90.89,2.17
2024-03-14 16:12:29.710,76.85,90.88,2.17
2024-03-14 16:12:29.813,76.53,90.87,2.17
2024-03-14 16:12:29.919,76.23,90.86,2.17
2024-03-14 16:12:30.022,75.91,90.85,2.17
2024-03-14 16:12:30.124,75.6,90.85,2.17
2024-03-14 16:12:30.231,75.29,90.85,2.17
2024-03-14 16:12:30.333,74.97,90.85,2.17
2024-03-14 16:12:30.436,74.67,90.85,2.17
2024-03-14 16:12:30.542,74.35,90.85,2.17
2024-03-14 16:12:30.644,74.04,90.85,2.17
2024-03-14 16:12:30.746,73.73,90.84,2.17
2024-03-14 16:12:30.853,73.42,90.84,2.17
2024-03-14 16:12:30.955,73.11,90.84,2.17
2024-03-14 16:12:31.058,72.8,90.85,2.17
2024-03-14 16:12:31.164,72.49,90.84,2.17
2024-03-14 16:12:31.267,72.17,90.86,2.17
2024-03-14 16:12:31.369,71.87,90.86,2.17
2024-03-14 16:12:31.476,71.55,90.88,2.17
2024-03-14 16:12:31.578,71.24,90.88,2.17
2024-03-14 16:12:31.681,70.93,90.91,2.17
2024-03-14 16:12:31.787,70.63,90.94,2.17
2024-03-14 16:12:31.889,70.31,90.94,2.17
2024-03-14 16:12:31.991,70.01,90.98,2.17
2024-03-14 16:12:32.098,69.69,91.0,2.17
2024-03-14 16:12:32.200,69.39,91.03,2.17
2024-03-14 16:12:32.302,69.08,91.09,2.17
2024-03-14 16:12:32.409,68.77,91.11,2.17
2024-03-14 16:12:32.512,68.46,91.15,2.17
2024-03-14 16:12:32.614,68.15,91.19,2.17
2024-03-14 16:12:32.721,67.85,91.23,2.17
2024-03-14 16:12:32.823,67.55,91.28,2.17
2024-03-14 16:12:32.926,67.24,91.37,2.17
2024-03-14 16:12:33.031,66.95,91.46,2.17
2024-03-14 16:12:33.134,66.65,91.58,2.17
2024-03-14 16:12:33.236,66.38,91.72,2.17
2024-03-14 16:12:33.343,66.13,91.89,2.17
2024-03-14 16:12:33.446,66.13,92.17,2.17
2024-03-14 16:12:33.548,66.34,92.41,2.17
2024-03-14 16:12:33.655,66.59,92.59,2.17
2024-03-14 16:12:33.757,66.85,92.79,2.17
2024-03-14 16:12:33.859,67.13,92.93,2.17
2024-03-14 16:12:33.965,67.41,93.07,2.17
2024-03-14 16:12:34.068,67.69,93.19,2.17
2024-03-14 16:12:34.171,67.98,93.31,2.17
2024-03-14 16:12:34.277,68.27,93.41,2.17
2024-03-14 16:12:34.379,68.57,93.51,2.17
2024-03-14 16:12:34.482,68.86,93.62,2.17
2024-03-14 16:12:34.588,69.15,93.72,2.17
2024-03-14 16:12:34.690,69.45,93.83,2.17
2024-03-14 16:12:34.793,69.75,93.89,2.17
2024-03-14 16:12:34.899,70.06,93.96,2.17
2024-03-14 16:12:35.002,70.36,94.03,2.17
2024-03-14 16:12:35.105,70.66,94.1,2.17
2024-03-14 16:12:35.210,70.97,94.17,2.17
2024-03-14 16:12:35.313,71.27,94.25,2.17
2024-03-14 16:12:35.415,71.57,94.3,2.17
2024-03-14 16:12:35.522,71.88,94.37,2.17
2024-03-14 16:12:35.625,72.18,94.45,2.17
2024-03-14 16:12:35.731,72.49,94.52,2.17
2024-03-14 16:12:35.833,72.79,94.57,2.17
2024-03-14 16:12:35.935,73.11,94.61,2.17
2024-03-14 16:12:36.042,73.41,94.66,2.17
2024-03-14 16:12:36.145,73.73,94.72,2.17
2024-03-14 16:12:36.247,74.03,94.77,2.17
2024-03-14 16:12:36.354,74.34,94.81,2.17
2024-03-14 16:12:36.456,74.65,94.85,2.17
2024-03-14 16:12:36.558,74.96,94.9,2.17
2024-03-14 16:12:36.665,75.27,94.94,2.17
2024-03-14 16:12:36.767,75.58,94.97,2.17
2024-03-14 16:12:36.869,75.89,95.0,2.17
2024-03-14 16:12:36.976,76.21,95.06,2.17
2024-03-14 16:12:37.078,76.51,95.09,2.17
2024-03-14 16:12:37.181,76.82,95.11,2.17
2024-03-14 16:12:37.287,77.13,95.15,2.17
2024-03-14 16:12:37.389,77.45,95.16,2.17
2024-03-14 16:12:37.492,77.75,95.18,2.17
2024-03-14 16:12:37.599,78.07,95.19,2.17
2024-03-14 16:12:37.701,78.38,95.22,2.17
2024-03-14 16:12:37.804,78.69,95.23,2.17
2024-03-14 16:12:37.910,79.0,95.25,2.17
2024-03-14 16:12:38.012,79.31,95.25,2.17
2024-03-14 16:12:38.115,79.62,95.23,2.17
2024-03-14 16:12:38.221,79.93,95.23,2.17
2024-03-14 16:12:38.323,80.24,95.23,2.17
2024-03-14 16:12:38.426,80.55,95.23,2.17
2024-03-14 16:12:38.532,80.86,95.24,2.17
2024-03-14 16:12:38.634,81.17,95.25,2.17
2024-03-14 16:12:38.737,81.49,95.25,2.17
2024-03-14 16:12:38.844,81.79,95.25,2.17
2024-03-14 16:12:38.946,82.11,95.25,2.17
2024-03-14 16:12:39.048,82.21,95.14,2.17
2024-03-14 16:12:39.154,82.22,94.88,2.17
2024-03-14 16:12:39.257,82.51,94.88,2.17
2024-03-14 16:12:39.359,82.82,94.87,2.17
2024-03-14 16:12:39.466,83.13,94.85,2.17
2024-03-14 16:12:39.569,83.45,94.86,2.17
2024-03-14 16:12:39.671,83.75,94.82,2.17
2024-03-14 16:12:39.777,84.07,94.82,2.17
2024-03-14 16:12:39.880,84.38,94.81,2.17
2024-03-14 16:12:39.982,84.69,94.81,2.17
2024-03-14 16:12:40.089,85.01,94.79,2.17
2024-03-14 16:12:40.191,85.31,94.77,2.17
2024-03-14 16:12:40.294,85.63,94.77,2.17
2024-03-14 16:12:40.400,85.94,94.74,2.17
2024-03-14 16:12:40.502,86.25,94.74,2.17
2024-03-14 16:12:40.604,86.56,94.74,2.17
2024-03-14 16:12:40.711,86.87,94.73,2.17
2024-03-14 16:12:40.814,87.18,94.71,2.17
2024-03-14 16:12:40.916,87.49,94.71,2.17
2024-03-14 16:12:41.022,87.81,94.68,2.17
2024-03-14 16:12:41.125,88.11,94.66,2.17
2024-03-14 16:12:41.227,88.42,94.65,2.17
2024-03-14 16:12:41.334,88.73,94.62,2.17
2024-03-14 16:12:41.436,89.05,94.6,2.17
2024-03-14 16:12:41.543,89.35,94.59,2.17
2024-03-14 16:12:41.646,89.66,94.57,2.17
2024-03-14 16:12:41.748,89.97,94.53,2.17
2024-03-14 16:12:41.854,90.29,94.51,2.17
2024-03-14 16:12:41.957,90.59,94.48,2.17
2024-03-14 16:12:42.058,90.91,94.45,2.17
2024-03-14 16:12:42.166,91.22,94.4,2.17
2024-03-14 16:12:42.267,91.53,94.38,2.17
2024-03-14 16:12:42.370,91.84,94.34,2.17
2024-03-14 16:12:42.477,92.15,94.3,2.17
2024-03-14 16:12:42.579,92.46,94.25,2.17
2024-03-14 16:12:42.682,92.77,94.22,2.17
2024-03-14 16:12:42.788,93.09,94.16,2.17
2024-03-14 16:12:42.891,93.39,94.13,2.17
2024-03-14 16:12:42.992,93.7,94.09,2.17
2024-03-14 16:12:43.099,94.01,94.06,2.17
2024-03-14 16:12:43.202,94.33,94.01,2.17
2024-03-14 16:12:43.304,94.63,93.97,2.17
2024-03-14 16:12:43.410,94.94,93.92,2.17
2024-03-14 16:12:43.513,95.25,93.89,2.17
2024-03-14 16:12:43.616,95.56,93.84,2.17
2024-03-14 16:12:43.722,95.87,93.79,2.17
2024-03-14 16:12:43.824,96.18,93.75,2.17
2024-03-14 16:12:43.927,96.49,93.72,2.17
2024-03-14 16:12:44.032,96.79,93.67,2.17
2024-03-14 16:12:44.135,97.1,93.64,2.17
2024-03-14 16:12:44.238,97.41,93.59,2.17
2024-03-14 16:12:44.345,97.72,93.55,2.17
2024-03-14 16:12:44.447,98.03,93.5,2.17
2024-03-14 16:12:44.549,98.34,93.45,2.17
2024-03-14 16:12:44.656,98.65,93.4,2.17
2024-03-14 16:12:44.758,98.95,93.36,2.17
2024-03-14 16:12:44.860,99.27,93.32,2.17
2024-03-14 16:12:44.967,99.57,93.3,2.17
2024-03-14 16:12:45.069,99.89,93.25,2.17
2024-03-14 16:12:45.176,100.19,93.21,2.17
2024-03-14 16:12:45.278,100.5,93.17,2.17
2024-03-14 16:12:45.381,100.81,93.12,2.17
2024-03-14 16:12:45.487,101.12,93.06,2.17
2024-03-14 16:12:45.589,101.43,92.98,2.17
2024-03-14 16:12:45.692,101.74,92.93,2.17
2024-03-14 16:12:45.799,102.05,92.87,2.17
2024-03-14 16:12:45.901,102.35,92.82,2.17
2024-03-14 16:12:46.003,102.66,92.77,2.17
2024-03-14 16:12:46.110,102.97,92.72,2.17
2024-03-14 16:12:46.212,103.27,92.68,2.17
2024-03-14 16:12:46.314,103.43,92.66,2.17
2024-03-14 16:12:46.421,103.15,92.63,2.17
2024-03-14 16:12:46.523,102.83,92.62,2.17
2024-03-14 16:12:46.630,102.52,92.6,2.17
2024-03-14 16:12:46.732,102.21,92.59,2.17
2024-03-14 16:12:46.834,101.9,92.56,2.17
2024-03-14 16:12:46.941,101.59,92.53,2.17
2024-03-14 16:12:47.043,101.28,92.5,2.17
2024-03-14 16:12:47.146,100.97,92.46,2.17
2024-03-14 16:12:47.252,100.66,92.43,2.17
2024-03-14 16:12:47.354,100.35,92.39,2.17
2024-03-14 16:12:47.457,100.04,92.34,2.17
2024-03-14 16:12:47.560,99.73,92.34,2.17
2024-03-14 16:12:47.665,99.41,92.36,2.17
2024-03-14 16:12:47.769,99.11,92.31,2.17
2024-03-14 16:12:47.870,98.8,92.27,2.17
2024-03-14 16:12:47.977,98.48,92.22,2.17
2024-03-14 16:12:48.079,98.17,92.21,2.17
2024-03-14 16:12:48.182,97.87,92.2,2.17
2024-03-14 16:12:48.289,97.55,92.24,2.17
2024-03-14 16:12:48.391,97.24,92.2,2.17
2024-03-14 16:12:48.494,96.93,92.14,2.17
2024-03-14 16:12:48.600,96.62,92.12,2.17
2024-03-14 16:12:48.702,96.31,92.09,2.17
2024-03-14 16:12:48.804,96.0,92.03,2.17
2024-03-14 16:12:48.911,95.69,92.02,2.17
2024-03-14 16:12:49.014,95.39,91.98,2.17
2024-03-14 16:12:49.116,95.07,91.96,2.17
2024-03-14 16:12:49.223,94.76,91.95,2.17
2024-03-14 16:12:49.325,94.45,91.88,2.17
2024-03-14 16:12:49.427,94.14,91.85,2.17
2024-03-14 16:12:49.534,93.83,91.82,2.17
2024-03-14 16:12:49.636,93.52,91.8,2.17
2024-03-14 16:12:49.739,93.21,91.78,2.17
2024-03-14 16:12:49.844,92.9,91.75,2.17
2024-03-14 16:12:49.948,92.59,91.73,2.17
2024-03-14 16:12:50.054,92.28,91.71,2.17
2024-03-14 16:12:50.156,91.97,91.69,2.17
2024-03-14 16:12:50.259,91.65,91.67,2.17
2024-03-14 16:12:50.365,91.35,91.66,2.17
2024-03-14 16:12:50.468,91.03,91.63,2.17
2024-03-14 16:12:50.570,90.72,91.62,2.17
2024-03-14 16:12:50.676,90.41,91.6,2.17
2024-03-14 16:12:50.778,90.1,91.59,2.17
2024-03-14 16:12:50.881,89.79,91.56,2.17
2024-03-14 16:12:50.988,89.48,91.55,2.17
2024-03-14 16:12:51.090,89.17,91.53,2.17
2024-03-14 16:12:51.192,88.85,91.49,2.17
2024-03-14 16:12:51.299,88.55,91.48,2.17
2024-03-14 16:12:51.401,88.24,91.47,2.17
2024-03-14 16:12:51.503,87.93,91.47,2.17
2024-03-14 16:12:51.610,87.61,91.45,2.17
2024-03-14 16:12:51.712,87.31,91.44,2.17
2024-03-14 16:12:51.815,87.0,91.42,2.17
2024-03-14 16:12:51.922,86.68,91.41,2.17
2024-03-14 16:12:52.023,86.37,91.39,2.17
2024-03-14 16:12:52.127,86.07,91.38,2.17
2024-03-14 16:12:52.233,85.75,91.38,2.17
2024-03-14 16:12:52.335,85.44,91.37,2.17
2024-03-14 16:12:52.438,85.13,91.35,2.17
2024-03-14 16:12:52.544,84.82,91.34,2.17
2024-03-14 16:12:52.646,84.51,91.31,2.17
2024-03-14 16:12:52.749,84.2,91.32,2.17
2024-03-14 16:12:52.856,83.88,91.31,2.17
2024-03-14 16:12:52.957,83.57,91.31,2.17
2024-03-14 16:12:53.060,83.27,91.29,2.17
2024-03-14 16:12:53.166,82.95,91.28,2.17
2024-03-14 16:12:53.269,82.64,91.27,2.17
2024-03-14 16:12:53.371,82.33,91.25,2.17
2024-03-14 16:12:53.478,82.01,91.23,2.17
2024-03-14 16:12:53.581,81.71,91.22,2.17
2024-03-14 16:12:53.683,81.4,91.21,2.17
2024-03-14 16:12:53.789,81.08,91.19,2.17
2024-03-14 16:12:53.891,80.77,91.19,2.17
2024-03-14 16:12:53.994,80.47,91.17,2.17
2024-03-14 16:12:54.101,80.15,91.16,2.17
2024-03-14 16:12:54.203,79.84,91.16,2.17
2024-03-14 16:12:54.306,79.53,91.16,2.17
2024-03-14 16:12:54.412,79.22,91.15,2.17
2024-03-14 16:12:54.514,78.91,91.13,2.17
2024-03-14 16:12:54.617,78.6,91.12,2.17
2024-03-14 16:12:54.723,78.29,91.09,2.17
2024-03-14 16:12:54.826,77.97,91.09,2.17
2024-03-14 16:12:54.927,77.67,91.07,2.17
2024-03-14 16:12:55.034,77.36,91.06,2.17
2024-03-14 16:12:55.137,77.04,91.07,2.17
2024-03-14 16:12:55.239,76.73,91.06,2.17
2024-03-14 16:12:55.346,76.42,91.05,2.17
2024-03-14 16:12:55.448,76.11,91.04,2.17
2024-03-14 16:12:55.551,75.8,91.04,2.17
2024-03-14 16:12:55.657,75.48,91.03,2.17
2024-03-14 16:12:55.759,75.17,91.03,2.17
2024-03-14 16:12:55.862,74.86,91.03,2.17
2024-03-14 16:12:55.968,74.55,91.03,2.17
2024-03-14 16:12:56.070,74.24,91.03,2.17
2024-03-14 16:12:56.173,73.93,91.03,2.17
2024-03-14 16:12:56.279,73.61,91.03,2.17
2024-03-14 16:12:56.382,73.31,91.03,2.17
2024-03-14 16:12:56.488,72.99,91.03,2.17
2024-03-14 16:12:56.590,72.68,91.05,2.17
2024-03-14 16:12:56.693,72.37,91.05,2.17
2024-03-14 16:12:56.799,72.06,91.06,2.17
2024-03-14 16:12:56.902,71.75,91.05,2.17
2024-03-14 16:12:57.004,71.44,91.07,2.17
2024-03-14 16:12:57.111,71.13,91.09,2.17
2024-03-14 16:12:57.213,70.82,91.09,2.17
2024-03-14 16:12:57.316,70.51,91.12,2.17
2024-03-14 16:12:57.422,70.2,91.14,2.17
2024-03-14 16:12:57.525,69.89,91.17,2.17
2024-03-14 16:12:57.627,69.58,91.19,2.17
2024-03-14 16:12:57.733,69.27,91.23,2.17
2024-03-14 16:12:57.835,68.96,91.25,2.17
2024-03-14 16:12:57.938,68.65,91.28,2.17
2024-03-14 16:12:58.045,68.35,91.35,2.17
2024-03-14 16:12:58.147,68.04,91.41,2.17
2024-03-14 16:12:58.249,67.73,91.47,2.17
2024-03-14 16:12:58.356,67.43,91.55,2.17
2024-03-14 16:12:58.458,67.13,91.62,2.17
2024-03-14 16:12:58.560,66.85,91.75,2.17
2024-03-14 16:12:58.667,66.57,91.86,2.17
2024-03-14 16:12:58.769,66.68,91.97,2.17
2024-03-14 16:12:58.872,66.93,92.15,2.17
2024-03-14 16:12:58.979,67.2,92.31,2.17
2024-03-14 16:12:59.081,67.48,92.45,2.17
2024-03-14 16:12:59.183,67.76,92.59,2.17
2024-03-14 16:12:59.289,68.05,92.72,2.17
2024-03-14 16:12:59.392,68.35,92.83,2.17
2024-03-14 16:12:59.495,68.64,92.94,2.17
2024-03-14 16:12:59.601,68.93,93.03,2.17
2024-03-14 16:12:59.703,69.23,93.14,2.17
2024-03-14 16:12:59.806,69.53,93.23,2.17
2024-03-14 16:12:59.912,69.83,93.32,2.17
2024-03-14 16:13:00.014,70.13,93.4,2.17
2024-03-14 16:13:00.117,70.43,93.5,2.17
2024-03-14 16:13:00.223,70.73,93.58,2.17
2024-03-14 16:13:00.326,71.04,93.67,2.17
2024-03-14 16:13:00.429,71.35,93.72,2.17
2024-03-14 16:13:00.535,71.65,93.79,2.17
2024-03-14 16:13:00.638,71.95,93.84,2.17
2024-03-14 16:13:00.739,72.25,93.92,2.17
2024-03-14 16:13:00.846,72.56,93.97,2.17
2024-03-14 16:13:00.949,72.87,94.03,2.17
2024-03-14 16:13:01.051,73.17,94.06,2.17
2024-03-14 16:13:01.157,73.48,94.12,2.17
2024-03-14 16:13:01.259,73.79,94.18,2.17
2024-03-14 16:13:01.363,74.11,94.21,2.17
2024-03-14 16:13:01.468,74.41,94.26,2.17
2024-03-14 16:13:01.571,74.72,94.3,2.17
2024-03-14 16:13:01.674,75.03,94.34,2.17
2024-03-14 16:13:01.780,75.35,94.38,2.17
2024-03-14 16:13:01.882,75.65,94.38,2.17
2024-03-14 16:13:01.985,75.96,94.43,2.17
2024-03-14 16:13:02.091,76.27,94.47,2.17
2024-03-14 16:13:02.193,76.59,94.47,2.17
2024-03-14 16:13:02.296,76.89,94.51,2.17
2024-03-14 16:13:02.402,77.21,94.53,2.17
2024-03-14 16:13:02.505,77.52,94.56,2.17
2024-03-14 16:13:02.611,77.83,94.59,2.17
2024-03-14 16:13:02.713,78.14,94.59,2.17
2024-03-14 16:13:02.816,78.45,94.62,2.17
2024-03-14 16:13:02.923,78.76,94.63,2.17
2024-03-14 16:13:03.025,79.07,94.64,2.17
2024-03-14 16:13:03.127,79.39,94.65,2.17
2024-03-14 16:13:03.234,79.69,94.66,2.17
2024-03-14 16:13:03.337,80.0,94.66,2.17
2024-03-14 16:13:03.439,80.31,94.66,2.17
2024-03-14 16:13:03.545,80.63,94.66,2.17
2024-03-14 16:13:03.648,80.93,94.66,2.17
2024-03-14 16:13:03.750,81.25,94.67,2.17
2024-03-14 16:13:03.856,81.56,94.67,2.17
2024-03-14 16:13:03.959,81.87,94.67,2.17
2024-03-14 16:13:04.062,82.16,94.68,2.17
